
export const rosenbrockData = [{
    "z": 
    [['1210121', '1188221', '1166521', '1145021', '1123721', '1102621', '1081721', '1061021', '1040521', '1020221', '1000121', '980221', '960521', '941021', '921721', '902621', '883721', '865021', '846521', '828221'], ['828200', '810100', '792200', '774500', '757000', '739700', '722600', '705700', '689000', '672500', '656200', '640100', '624200', '608500', '593000', '577700', '562600', '547700', '533000', '518500'], ['547681', '532981', '518481', '504181', '490081', '476181', '462481', '448981', '435681', '422581', '409681', '396981', '384481', '372181', '360081', '348181', '336481', '324981', '313681', '302581'], ['348164', '336464', '324964', '313664', '302564', '291664', '280964', '270464', '260164', '250064', '240164', '230464', '220964', '211664', '202564', '193664', '184964', '176464', '168164', '160064'], ['211649', '202549', '193649', '184949', '176449', '168149', '160049', '152149', '144449', '136949', '129649', '122549', '115649', '108949', '102449', '96149', '90049', '84149', '78449', '72949'], ['122536', '115636', '108936', '102436', '96136', '90036', '84136', '78436', '72936', '67636', '62536', '57636', '52936', '48436', '44136', '40036', '36136', '32436', '28936', '25636'], ['67625', '62525', '57625', '52925', '48425', '44125', '40025', '36125', '32425', '28925', '25625', '22525', '19625', '16925', '14425', '12125', '10025', '8125', '6425', '4925'], ['36116', '32416', '28916', '25616', '22516', '19616', '16916', '14416', '12116', '10016', '8116', '6416', '4916', '3616', '2516', '1616', '916', '416', '116', '16'], ['19609', '16909', '14409', '12109', '10009', '8109', '6409', '4909', '3609', '2509', '1609', '909', '409', '109', '9', '109', '409', '909', '1609', '2509'], ['12104', '10004', '8104', '6404', '4904', '3604', '2504', '1604', '904', '404', '104', '4', '104', '404', '904', '1604', '2504', '3604', '4904', '6404'], ['10001', '8101', '6401', '4901', '3601', '2501', '1601', '901', '401', '101', '1', '101', '401', '901', '1601', '2501', '3601', '4901', '6401', '8101'], ['12100', '10000', '8100', '6400', '4900', '3600', '2500', '1600', '900', '400', '100', '0', '100', '400', '900', '1600', '2500', '3600', '4900', '6400'], ['19601', '16901', '14401', '12101', '10001', '8101', '6401', '4901', '3601', '2501', '1601', '901', '401', '101', '1', '101', '401', '901', '1601', '2501'], ['36104', '32404', '28904', '25604', '22504', '19604', '16904', '14404', '12104', '10004', '8104', '6404', '4904', '3604', '2504', '1604', '904', '404', '104', '4'], ['67609', '62509', '57609', '52909', '48409', '44109', '40009', '36109', '32409', '28909', '25609', '22509', '19609', '16909', '14409', '12109', '10009', '8109', '6409', '4909'], ['122516', '115616', '108916', '102416', '96116', '90016', '84116', '78416', '72916', '67616', '62516', '57616', '52916', '48416', '44116', '40016', '36116', '32416', '28916', '25616'], ['211625', '202525', '193625', '184925', '176425', '168125', '160025', '152125', '144425', '136925', '129625', '122525', '115625', '108925', '102425', '96125', '90025', '84125', '78425', '72925'], ['348136', '336436', '324936', '313636', '302536', '291636', '280936', '270436', '260136', '250036', '240136', '230436', '220936', '211636', '202536', '193636', '184936', '176436', '168136', '160036'], ['547649', '532949', '518449', '504149', '490049', '476149', '462449', '448949', '435649', '422549', '409649', '396949', '384449', '372149', '360049', '348149', '336449', '324949', '313649', '302549'], ['828164', '810064', '792164', '774464', '756964', '739664', '722564', '705664', '688964', '672464', '656164', '640064', '624164', '608464', '592964', '577664', '562564', '547664', '532964', '518464']],
    "type": "surface"
  }];

export const someData = {
  "x": ['0', '1', '2', '3', '4', '5', '6', '7', '8', '9', '10', '11', '12', '13', '14'],
  "y": ['0', '1', '2', '3', '4', '5', '6', '7', '8', '9', '10', '11', '12', '13', '14'],
  "z": 
  [['202', '183', '166', '151', '138', '127', '118', '111', '106', '103', '102', '103', '106', '111', '118', '127', '138', '151', '166', '183'], ['183', '164', '147', '132', '119', '108', '99', '92', '87', '84', '83', '84', '87', '92', '99', '108', '119', '132', '147', '164'], ['166', '147', '130', '115', '102', '91', '82', '75', '70', '67', '66', '67', '70', '75', '82', '91', '102', '115', '130', '147'], ['151', '132', '115', '100', '87', '76', '67', '60', '55', '52', '51', '52', '55', '60', '67', '76', '87', '100', '115', '132'], ['138', '119', '102', '87', '74', '63', '54', '47', '42', '39', '38', '39', '42', '47', '54', '63', '74', '87', '102', '119'], ['127', '108', '91', '76', '63', '52', '43', '36', '31', '28', '27', '28', '31', '36', '43', '52', '63', '76', '91', '108'], ['118', '99', '82', '67', '54', '43', '34', '27', '22', '19', '18', '19', '22', '27', '34', '43', '54', '67', '82', '99'], ['111', '92', '75', '60', '47', '36', '27', '20', '15', '12', '11', '12', '15', '20', '27', '36', '47', '60', '75', '92'], ['106', '87', '70', '55', '42', '31', '22', '15', '10', '7', '6', '7', '10', '15', '22', '31', '42', '55', '70', '87'], ['103', '84', '67', '52', '39', '28', '19', '12', '7', '4', '3', '4', '7', '12', '19', '28', '39', '52', '67', '84'], ['102', '83', '66', '51', '38', '27', '18', '11', '6', '3', '2', '3', '6', '11', '18', '27', '38', '51', '66', '83'], ['103', '84', '67', '52', '39', '28', '19', '12', '7', '4', '3', '4', '7', '12', '19', '28', '39', '52', '67', '84'], ['106', '87', '70', '55', '42', '31', '22', '15', '10', '7', '6', '7', '10', '15', '22', '31', '42', '55', '70', '87'], ['111', '92', '75', '60', '47', '36', '27', '20', '15', '12', '11', '12', '15', '20', '27', '36', '47', '60', '75', '92'], ['118', '99', '82', '67', '54', '43', '34', '27', '22', '19', '18', '19', '22', '27', '34', '43', '54', '67', '82', '99'], ['127', '108', '91', '76', '63', '52', '43', '36', '31', '28', '27', '28', '31', '36', '43', '52', '63', '76', '91', '108'], ['138', '119', '102', '87', '74', '63', '54', '47', '42', '39', '38', '39', '42', '47', '54', '63', '74', '87', '102', '119'], ['151', '132', '115', '100', '87', '76', '67', '60', '55', '52', '51', '52', '55', '60', '67', '76', '87', '100', '115', '132'], ['166', '147', '130', '115', '102', '91', '82', '75', '70', '67', '66', '67', '70', '75', '82', '91', '102', '115', '130', '147'], ['183', '164', '147', '132', '119', '108', '99', '92', '87', '84', '83', '84', '87', '92', '99', '108', '119', '132', '147', '164']],
  "type": "surface",
  };

export const someLineData = {
  "x": ['0', '1', '2', '3', '4', '5', '6', '7', '8', '9', '10', '11', '12', '13', '14'],
  "y": ['0', '1', '2', '3', '4', '5', '6', '7', '8', '9', '10', '11', '12', '13', '14'],
  "z": ['1.0', '0.5403023058681398', '-0.4161468365471424', '-0.9899924966004454', '-0.6536436208636119', '0.28366218546322625', '0.960170286650366', '0.7539022543433046', '-0.14550003380861354', '-0.9111302618846769', '-0.8390715290764524', '0.004425697988050785', '0.8438539587324921', '0.9074467814501962', '0.1367372182078336']
}